71 746 0 14
98 745 0 14
128 723 0 15
130 747 90 13
133 717 90 14
146 709 101 8
157 707 28 17
163 237 33 16
169 382 17 40
181 747 90 12
184 714 5 7
196 365 17 74
199 127 112 15
199 414 11 38
201 186 118 74
207 441 5 38
220 482 0 38
229 510 174 14
229 713 0 20
245 449 0 74
246 245 118 69
248 373 17 73
257 434 5 74
257 715 90 7
258 422 11 73
259 405 11 75
260 257 33 73
260 479 0 73
275 356 118 72
277 304 123 16
283 123 112 37
284 745 90 14
293 205 118 76
299 577 0 12
300 419 5 37
310 460 84 74
310 526 90 14
314 383 129 35
314 621 0 12
315 104 11 74
318 266 123 69
318 410 0 17
320 393 28 15
324 71 101 16
324 576 90 12
329 338 129 72
330 747 90 14
331 222 118 76
334 356 129 68
337 134 107 72
347 420 67 36
349 622 0 12
349 745 0 14
353 438 73 73
353 583 90 11
357 473 78 77
359 275 123 70
364 154 17 73
364 252 28 70
367 102 95 70
374 596 90 11
376 203 112 82
378 460 78 77
384 322 135 35
387 255 123 72
390 439 73 77
390 493 84 76
392 608 95 12
395 512 90 18
396 425 67 76
400 214 112 79
401 294 39 68
408 359 50 72
414 481 84 79
416 313 135 66
419 226 112 79
426 448 73 77
435 487 84 79
439 439 67 79
439 726 90 14
446 74 0 18
447 296 135 70
448 331 146 67
450 124 84 65
450 470 78 81
452 353 56 72
452 508 90 36
457 725 0 14
464 183 84 75
467 156 84 69
468 506 0 36
473 227 90 79
474 474 78 79
479 495 84 78
486 271 157 15
489 285 152 13
491 510 90 75
496 518 0 15
502 600 101 13
513 482 84 78
517 465 84 77
521 96 168 72
521 477 174 75
529 94 73 36
530 725 0 13
537 428 78 86
537 483 84 78
552 288 67 68
552 338 157 74
554 510 90 38
564 529 0 8
572 467 84 81
573 396 78 80
584 531 90 40
587 259 62 68
588 362 73 85
591 606 5 14
598 183 73 64
598 188 157 65
600 114 73 70
601 298 62 74
601 433 84 78
601 587 95 35
604 442 84 78
615 197 157 68
615 234 152 76
618 379 78 81
621 582 95 17
629 321 67 80
631 130 163 75
633 277 152 72
637 572 5 15
638 368 78 77
638 395 84 78
639 581 95 16
644 273 62 71
645 318 67 78
653 511 0 19
659 351 73 76
662 552 90 20
673 122 163 6
674 363 78 75
677 497 0 40
686 392 84 76
689 454 90 75
692 324 67 75
702 370 78 78
704 482 0 40
705 166 157 7
711 182 67 17
711 488 90 41
735 393 84 73
742 410 84 36
747 342 73 70
765 337 67 35
771 430 112 14
773 407 84 17
774 333 62 39
774 414 107 17
777 373 62 35
778 409 50 17
779 304 56 36
779 427 123 33
779 510 45 13
780 342 56 38
780 592 135 14
781 350 56 38
781 388 62 17
782 195 135 14
782 320 56 41
782 395 62 17
783 377 62 38
797 398 0 7
801 372 5 15
801 686 45 14
802 209 45 15
803 316 135 14
803 405 129 6
803 633 135 12
